0.20628 -0.14257 1.14197
0.24617 0.19764 1.14569
0.27932 0.51271 1.13720
0.23550 0.60394 1.14929
0.13558 0.36622 1.22813
0.02030 0.15313 1.31108
-0.16908 0.16547 1.18767
-0.25751 0.16083 1.14102
0.38278 0.36449 1.02764
0.44955 0.13521 0.96022
0.34647 -0.09847 0.89053
0.30495 -0.16187 0.86379
0.13384 -0.12943 1.14159
-0.20588 -0.02905 1.06783
-0.45274 -0.31143 1.02708
-0.52347 -0.31214 0.91830
0.26533 -0.14655 1.06697
0.20175 -0.40290 1.03651
0.27784 -0.81207 1.11126
0.22195 -0.87403 1.02005
0.27170 0.43697 1.14098